[45844.746133] [Project1] 1670 1587884244.853016496 1587884245.566511534
[45846.244049] [Project1] 1673 1587884246.310587421 1587884247.064437526
[45847.702802] [Project1] 1674 1587884247.795147848 1587884248.523199280
[45849.059791] [Project1] 1680 1587884249.220720607 1587884249.880198346
[45850.535360] [Project1] 1681 1587884250.674074168 1587884251.355776568
[45852.007163] [Project1] 1692 1587884252.096818014 1587884252.827589983
[45853.442708] [Project1] 1693 1587884253.577024816 1587884254.263142403
[45854.892627] [Project1] 1697 1587884254.997654346 1587884255.713072807
[45856.302339] [Project1] 1701 1587884256.401930601 1587884257.122793237
[45857.761678] [Project1] 1703 1587884257.874482435 1587884258.582143641
