[57376.776244] [Project1] 3960 1587905017.846803449 1587905018.538237546
[57378.227033] [Project1] 3961 1587905019.277141473 1587905019.988993988
[57379.672257] [Project1] 3962 1587905020.732245198 1587905021.434184926
[57381.070068] [Project1] 3963 1587905022.146183331 1587905022.831964213
[57382.532868] [Project1] 3964 1587905023.577460212 1587905024.294730527
[57384.059289] [Project1] 3965 1587905025.081990454 1587905025.821117176
[57385.578555] [Project1] 3966 1587905026.602631098 1587905027.340347661
[57387.017905] [Project1] 3967 1587905028.076879073 1587905028.779665012
[57388.479004] [Project1] 3968 1587905029.531860908 1587905030.240729215
[57389.903719] [Project1] 3969 1587905030.948228868 1587905031.665410924
