[33231.865341] [Project1] 30857 1587863629.498247773 1587863630.167628020
[33233.237546] [Project1] 30858 1587863630.851550300 1587863631.539895393
[33234.692582] [Project1] 30859 1587863632.278196530 1587863632.994995909
[33236.115172] [Project1] 30860 1587863633.718165905 1587863634.417648817
[33237.568267] [Project1] 30861 1587863635.176332976 1587863635.870807150
[33238.986545] [Project1] 30862 1587863636.586094931 1587863637.289147004
[33240.347539] [Project1] 30863 1587863637.959587378 1587863638.650200383
[33241.692544] [Project1] 30864 1587863639.298072642 1587863639.995265630
[33243.033125] [Project1] 30865 1587863640.659375734 1587863641.335905807
[33244.441001] [Project1] 30866 1587863642.061301270 1587863642.743843456
